775.44
774.68
774.51
774.75
774.75
774.76
774.91
774.19
773.6
773.61
773.67
774.0
774.64
774.82
774.22
774.21
774.71
775.1
774.81
774.85
774.54
774.73
774.57
775.03
775.34
775.87
775.68
775.23
774.64
773.8
771.93
771.69
772.06
771.77
771.63
771.62
771.57
773.8
773.76
773.16
772.64
772.52
772.93
773.87
773.36
773.14
774.33
773.78
772.92
773.41
773.53
773.51
772.56
772.64
772.63
772.69
773.08
773.44
773.42
773.63
773.39
773.0
773.83
773.31
